38
0 291 0 629 850 806 882 973 991 437 0 1187 0 0 0 1179 0 1201 0 902 760 1032 0 0 0 1011 1527 1339 1059 0 1794 0 1714 0 0 0 0 1858 
291 0 513 342 564 515 0 683 0 457 947 896 622 484 0 891 910 914 919 0 0 779 718 848 775 792 1253 1083 966 1046 1534 1193 0 1496 1308 0 1413 1649 
0 513 0 175 69 0 182 300 312 883 492 0 371 866 391 0 0 531 536 592 1201 622 0 0 0 748 0 851 1154 1095 0 1251 1252 1267 1252 0 1288 0 
629 342 175 0 0 200 266 376 393 714 621 578 375 0 389 592 0 0 623 0 0 604 617 653 668 693 993 0 1040 1021 1301 0 1279 0 1217 0 1279 0 
850 564 69 0 0 139 0 239 250 0 423 395 0 890 351 0 455 464 0 564 1220 0 651 604 0 717 858 0 1145 1068 0 0 1194 1207 1210 1269 0 1462 
806 515 0 200 139 0 77 176 194 808 432 0 0 0 225 0 0 419 424 0 1100 455 514 489 555 582 0 697 0 931 0 0 1101 0 1085 0 1125 1353 
882 0 182 266 0 77 0 0 0 0 0 312 0 0 229 0 351 0 364 451 1166 0 537 477 573 0 746 0 0 953 0 1107 1070 1085 1085 1150 0 1335 
973 683 300 376 239 176 0 0 0 926 0 215 0 0 176 216 0 0 248 404 1186 375 485 382 511 538 627 558 0 890 947 1041 0 969 994 1032 1009 1228 
991 0 312 393 250 194 0 0 0 943 255 0 0 898 186 0 219 226 0 0 0 376 491 379 516 543 612 550 1025 894 933 1044 0 958 0 0 1003 0 
437 457 883 714 0 808 0 926 943 0 1196 1131 0 0 0 1087 0 1102 0 678 355 819 681 897 726 729 1340 1107 0 826 0 0 1432 0 1141 0 1292 0 
0 947 492 621 423 432 0 0 255 1196 0 0 400 0 0 0 0 0 173 611 1439 526 0 0 0 707 503 0 0 1037 832 1173 0 0 1060 929 1025 1216 
1187 896 0 578 395 0 312 215 0 1131 0 0 332 1081 0 0 0 0 120 541 1371 458 0 426 0 0 489 513 0 972 0 1110 871 0 1007 913 0 1179 
0 622 371 375 0 0 0 0 0 0 400 332 0 749 0 289 0 307 310 252 0 251 0 0 0 0 633 0 862 749 930 902 0 923 0 1005 0 1148 
0 484 866 0 890 0 0 0 898 0 0 1081 749 0 0 1032 1046 1045 1047 607 339 748 604 825 0 648 1267 1029 554 0 0 0 0 0 1053 1508 1205 1427 
0 0 391 389 351 225 229 176 186 0 0 0 0 0 0 0 0 0 318 229 1024 231 0 0 344 0 0 0 0 725 921 879 891 0 861 995 0 0 
1179 891 0 592 0 0 0 216 0 1087 0 0 289 1032 0 0 0 0 33 0 1309 370 525 0 528 551 0 0 1061 878 750 1014 787 0 909 841 0 0 
0 910 0 0 455 0 351 0 219 0 0 0 0 1046 0 0 0 0 17 0 0 375 532 334 0 0 405 409 0 879 0 1014 0 0 0 0 0 1076 
1201 914 531 0 464 419 0 0 226 1102 0 0 307 1045 0 0 0 0 0 0 0 368 0 325 0 549 0 397 1059 870 0 0 761 0 892 813 0 0 
0 919 536 623 0 424 364 248 0 0 173 120 310 1047 318 33 17 0 0 472 1319 368 526 324 526 548 389 0 1059 868 717 1002 756 0 0 0 0 0 
902 0 592 0 564 0 451 404 0 678 611 541 252 607 229 0 0 0 472 0 851 141 0 219 133 0 663 442 0 504 896 660 814 0 0 0 0 997 
760 0 1201 0 1220 1100 1166 1186 0 355 1439 1371 0 339 1024 1309 0 0 1319 851 0 979 818 0 0 835 1475 0 496 0 1623 835 1467 1500 1094 1642 0 1469 
1032 779 622 604 0 455 0 375 376 819 526 458 251 748 231 370 375 368 368 141 979 0 164 78 0 181 521 307 691 0 0 668 0 718 630 821 0 908 
0 718 0 617 651 514 537 485 491 681 0 0 0 604 0 525 532 0 526 0 818 164 0 233 57 0 0 0 540 0 873 573 0 0 0 0 0 932 
0 848 0 653 604 489 477 382 379 897 0 426 0 825 0 0 334 325 324 219 0 78 233 0 0 232 443 0 741 546 688 684 632 653 612 751 636 864 
0 775 0 668 0 555 573 511 516 726 0 0 0 0 344 528 0 0 526 133 0 0 57 0 0 0 633 383 533 0 825 534 719 747 551 0 0 0 
1011 792 748 693 717 582 0 538 543 729 707 0 0 648 0 551 0 549 548 0 835 181 0 232 0 0 641 0 0 0 823 507 711 0 528 864 0 857 
1527 1253 0 993 858 0 746 627 612 1340 503 489 633 1267 0 0 405 0 389 663 1475 521 0 443 633 641 0 265 0 834 0 0 415 0 709 0 605 752 
1339 1083 851 0 0 697 0 558 550 1107 0 513 0 1029 0 0 409 397 0 442 0 307 0 0 383 0 265 0 835 576 0 677 0 0 509 0 467 674 
1059 966 1154 1040 1145 0 0 0 1025 0 0 0 862 554 0 1061 0 1059 1059 0 496 691 540 741 533 0 0 835 0 296 1182 339 0 0 604 1186 789 974 
0 1046 1095 1021 1068 931 953 890 894 826 1037 972 749 0 725 878 879 870 868 504 0 0 0 546 0 0 834 576 296 0 0 157 710 0 323 889 499 0 
1794 1534 0 1301 0 0 0 947 933 0 832 0 930 0 921 750 0 0 717 896 1623 0 873 688 825 823 0 0 1182 0 0 0 211 0 0 102 479 524 
0 1193 1251 0 0 0 1107 1041 1044 0 1173 1110 902 0 879 1014 1014 0 1002 660 835 668 573 684 534 507 0 677 339 157 0 0 725 0 0 906 478 0 
1714 0 1252 1279 1194 1101 1070 0 0 1432 0 871 0 0 891 787 0 761 756 814 1467 0 0 632 719 711 415 0 0 710 211 725 0 34 445 0 269 0 
0 1496 1267 0 1207 0 1085 969 958 0 0 0 923 0 0 0 0 0 0 0 1500 718 0 653 747 0 0 0 0 0 0 0 34 0 478 0 299 355 
0 1308 1252 1217 1210 1085 1085 994 0 1141 1060 1007 0 1053 861 909 0 892 0 0 1094 630 0 612 551 528 709 509 604 323 0 0 445 478 0 623 0 378 
0 0 0 0 1269 0 1150 1032 0 0 929 913 1005 1508 995 841 0 813 0 0 1642 821 0 751 0 864 0 0 1186 889 102 906 0 0 623 0 0 444 
0 1413 1288 1279 0 1125 0 1009 1003 1292 1025 0 0 1205 0 0 0 0 0 0 0 0 0 636 0 0 605 467 789 499 479 478 269 299 0 0 0 236 
1858 1649 0 0 1462 1353 1335 1228 0 0 1216 1179 1148 1427 0 0 1076 0 0 997 1469 908 932 864 0 857 752 674 974 0 524 0 0 355 378 444 236 0 
