10
0 335 344 273 331 440 209 264 279 209 
335 0 309 433 347 372 135 410 112 219 
344 309 0 203 53 96 241 182 372 414 
273 433 203 0 153 266 313 23 448 437 
331 347 53 153 0 120 262 134 399 428 
440 372 96 266 120 0 328 249 451 504 
209 135 241 313 262 328 0 292 139 177 
264 410 182 23 134 249 292 0 428 421 
279 112 372 448 399 451 139 428 0 113 
209 219 414 437 428 504 177 421 113 0 
